pose: 
  position: 
    x: 0.0
    y: 0.0
    z: 0.0
  orientation: 
    x: 0.0
    y: 0.0
    z: 0.0
    w: 0.0

covariance: [ 0.184284444597714, -0.0013442363590995667, 0.0, 0.0, 0.0, 0.0, -0.001344236359099568, 0.2123686091606536, 0.0, 0.0, 0.0, 0.0, 0.0, 0.0, 0.0, 0.0, 0.0, 0.0, 0.0, 0.0, 0.0, 0.0, 0.0, 0.0, 0.0, 0.0, 0.0, 0.0, 0.0, 0.0, 0.0, 0.0, 0.0, 0.0, 0.0, 0.0578091504099551]

