pose: 
  position: 
    x: 3.1331212302907057
    y: -0.23398549730486035
    z: 0.0
  orientation: 
    x: 0.0
    y: 0.0
    z: -0.10470590855022158
    w: 0.9945032291122401

covariance: [ 0.057996514641461126, -0.006433292887805628, 0.0, 0.0, 0.0, 0.0,  -0.006433292887805628, 0.17777276996982808, 0.0, 0.0, 0.0, 0.0, 0.0, 0.0, 0.0, 0.0, 0.0, 0.0, 0.0, 0.0, 0.0, 0.0, 0.0, 0.0, 0.0, 0.0, 0.0, 0.0, 0.0, 0.0, 0.0, 0.0, 0.0, 0.0, 0.0, 0.11151805318090076]

