pose: 
  position: 
    x: -2.3845291572757144
    y: 0.02318031243099398
    z: 0.0
  orientation: 
    x: 0.0
    y: 0.0
    z: 0.9927769224047915
    w: 0.11997492379856055

covariance: [ 0.07183617325248601, -0.0033153472664599563, 0.0, 0.0, 0.0, 0.0, -0.0033153472664599563, 0.04703233570834694, 0.0, 0.0, 0.0, 0.0, 0.0, 0.0, 0.0, 0.0, 0.0, 0.0, 0.0, 0.0, 0.0, 0.0, 0.0, 0.0, 0.0, 0.0, 0.0, 0.0, 0.0, 0.0, 0.0, 0.0, 0.0, 0.0, 0.0, 0.05774338884630106]

