pose: 
  position: 
    x: -2.4940278176726856
    y: -2.184218322631339
    z: 0.0
  orientation: 
    x: 0.0
    y: 0.0
    z: -0.9812261726067991
    w: 0.19286056670924728

covariance: [ 0.02581822633611623, 0.011934416027671547, 0.0, 0.0, 0.0, 0.0, 0.011934416027671547, 0.03770016080123922, 0.0, 0.0, 0.0, 0.0, 0.0, 0.0, 0.0, 0.0, 0.0, 0.0, 0.0, 0.0, 0.0, 0.0, 0.0, 0.0, 0.0, 0.0, 0.0, 0.0, 0.0, 0.0, 0.0, 0.0, 0.0, 0.0, 0.0, 0.031481608025918664]

